function [phvel]=prem_dispersion_LOVE(freq)
%PREM_DISPERSION    Returns fundamental mode LOVE wave PREM dispersion
%
%    Usage:    phvel=prem_dispersion(freq)
%
%    Description:
%     PHVEL=PREM_DISPERSION(FREQ) returns the Rayleigh wave phase
%     velocities PHVEL at the frequencies specified in FREQ.
%
%    Notes:
%     - At present this function is crap.
%
%    Examples:
%     % Plot up a PREM dispersion curve:
%     freq=0.005:0.001:0.1;
%     phvel=prem_dispersion(freq);
%     plot(freq,phvel)
%
%    See also: AK135_DISPERSION, PREM

%     Version History:
%        Feb.  5, 2010 - initial version
%        Apr. 22, 2010 - slightly less crappy (use output from Saito Code)
%        Apr.  2, 2012 - minor doc update
%
%     Written by Garrett Euler (ggeuler at wustl dot edu)
%     Last Updated Apr.  2, 2012 at 09:15 GMT
%    Anant Hariharan 2025 added Love waves

% todo
% - get better dispersion values using Saito code
% - Love waves
% - group velocities
% - quality factor

% freq vs prem phase velocity
prem=[ % from MINEOS code
 0.005004	4.946242
0.005114	4.933182
0.005224	4.920731
0.005334	4.908850
0.005444	4.897499
0.005554	4.886646
0.005664	4.876258
0.005774	4.866306
0.005884	4.856763
0.005994	4.847604
0.006104	4.838807
0.006214	4.830350
0.006324	4.822214
0.006434	4.814381
0.006544	4.806833
0.006654	4.799555
0.006764	4.792532
0.006874	4.785752
0.006984	4.779200
0.007094	4.772866
0.007204	4.766739
0.007314	4.760807
0.007424	4.755061
0.007534	4.749493
0.007644	4.744094
0.007754	4.738855
0.007864	4.733770
0.007974	4.728831
0.008084	4.724031
0.008194	4.719365
0.008304	4.714827
0.008414	4.710410
0.008523	4.706110
0.008633	4.701922
0.008743	4.697840
0.008853	4.693862
0.008963	4.689981
0.009073	4.686196
0.009182	4.682500
0.009292	4.678892
0.009402	4.675367
0.009512	4.671923
0.009622	4.668556
0.009731	4.665263
0.009841	4.662042
0.009951	4.658890
0.010061	4.655804
0.010170	4.652782
0.010280	4.649822
0.010390	4.646921
0.010499	4.644077
0.010609	4.641289
0.010719	4.638554
0.010828	4.635871
0.010938	4.633238
0.011047	4.630652
0.011157	4.628113
0.011266	4.625619
0.011376	4.623169
0.011485	4.620760
0.011595	4.618393
0.011704	4.616064
0.011814	4.613774
0.011923	4.611520
0.012033	4.609302
0.012142	4.607118
0.012251	4.604969
0.012361	4.602851
0.012470	4.600765
0.012579	4.598709
0.012689	4.596683
0.012798	4.594685
0.012907	4.592716
0.013016	4.590773
0.013126	4.588856
0.013235	4.586964
0.013344	4.585097
0.013453	4.583254
0.013562	4.581434
0.013671	4.579636
0.013780	4.577860
0.013889	4.576106
0.013998	4.574371
0.014107	4.572657
0.014216	4.570962
0.014325	4.569286
0.014434	4.567628
0.014543	4.565987
0.014652	4.564364
0.014761	4.562758
0.014870	4.561167
0.014978	4.559593
0.015087	4.558033
0.015196	4.556489
0.015305	4.554959
0.015413	4.553443
0.015522	4.551940
0.015630	4.550450
0.015739	4.548974
0.015847	4.547510
0.015956	4.546057
0.016064	4.544617
0.016173	4.543188
0.016281	4.541769
0.016390	4.540362
0.016498	4.538965
0.016606	4.537578
0.016715	4.536200
0.016823	4.534832
0.016931	4.533474
0.017039	4.532124
0.017147	4.530782
0.017256	4.529449
0.017364	4.528124
0.017472	4.526807
0.017580	4.525498
0.017688	4.524195
0.017795	4.522900
0.017903	4.521612
0.018011	4.520330
0.018119	4.519054
0.018227	4.517785
0.018335	4.516522
0.018442	4.515264
0.018550	4.514012
0.018657	4.512765
0.018765	4.511524
0.018873	4.510287
0.018980	4.509055
0.019088	4.507828
0.019195	4.506605
0.019302	4.505386
0.019410	4.504171
0.019517	4.502960
0.019624	4.501753
0.019731	4.500550
0.019838	4.499349
0.019946	4.498152
0.020053	4.496958
0.020160	4.495767
0.020267	4.494579
0.020373	4.493393
0.020480	4.492210
0.020587	4.491029
0.020694	4.489851
0.020801	4.488674
0.020907	4.487500
0.021014	4.486327
0.021120	4.485156
0.021227	4.483986
0.021333	4.482818
0.021440	4.481651
0.021546	4.480485
0.021652	4.479321
0.021759	4.478157
0.021865	4.476995
0.021971	4.475833
0.022077	4.474671
0.022183	4.473511
0.022289	4.472350
0.022395	4.471190
0.022501	4.470031
0.022607	4.468871
0.022712	4.467712
0.022818	4.466552
0.022924	4.465393
0.023029	4.464233
0.023135	4.463072
0.023240	4.461912
0.023346	4.460751
0.023451	4.459589
0.023556	4.458427
0.023661	4.457264
0.023767	4.456100
0.023872	4.454936
0.023977	4.453770
0.024082	4.452604
0.024186	4.451436
0.024291	4.450268
0.024396	4.449098
0.024501	4.447927
0.024605	4.446754
0.024710	4.445580
0.024814	4.444405
0.024919	4.443228
0.025023	4.442049
0.025127	4.440869
0.025232	4.439688
0.025336	4.438504
0.025440	4.437319
0.025544	4.436132
0.025648	4.434943
0.025752	4.433752
0.025856	4.432559
0.025959	4.431364
0.026063	4.430167
0.026167	4.428968
0.026270	4.427766
0.026373	4.426563
0.026477	4.425357
0.026580	4.424150
0.026683	4.422939
0.026787	4.421727
0.026890	4.420512
0.026993	4.419295
0.027095	4.418075
0.027198	4.416853
0.027301	4.415628
0.027404	4.414401
0.027506	4.413172
0.027609	4.411940
0.027711	4.410705
0.027814	4.409468
0.027916	4.408228
0.028018	4.406985
0.028120	4.405740
0.028223	4.404492
0.028325	4.403242
0.028426	4.401989
0.028528	4.400733
0.028630	4.399475
0.028732	4.398213
0.028833	4.396949
0.028935	4.395683
0.029036	4.394413
0.029137	4.393141
0.029239	4.391866
0.029340	4.390588
0.029441	4.389308
0.029542	4.388025
0.029643	4.386739
0.029744	4.385450
0.029845	4.384159
0.029945	4.382864
0.030046	4.381567
0.030146	4.380268
0.030247	4.378965
0.030347	4.377660
0.030447	4.376352
0.030548	4.375041
0.030648	4.373728
0.030748	4.372411
0.030848	4.371093
0.030947	4.369771
0.031047	4.368447
0.031147	4.367120
0.031246	4.365790
0.031346	4.364458
0.031445	4.363123
0.031545	4.361786
0.031644	4.360446
0.031743	4.359103
0.031842	4.357758
0.031941	4.356410
0.032040	4.355060
0.032139	4.353707
0.032237	4.352352
0.032336	4.350994
0.032435	4.349633
0.032533	4.348271
0.032632	4.346906
0.032730	4.345538
0.032828	4.344168
0.032926	4.342796
0.033024	4.341421
0.033122	4.340044
0.033220	4.338665
0.033318	4.337284
0.033415	4.335900
0.033513	4.334514
0.033611	4.333126
0.033708	4.331736
0.033805	4.330343
0.033903	4.328949
0.034000	4.327552
0.034097	4.326153
0.034194	4.324753
0.034291	4.323350
0.034388	4.321945
0.034484	4.320539
0.034581	4.319130
0.034678	4.317720
0.034774	4.316307
0.034870	4.314893
0.034967	4.313477
0.035063	4.312060
0.035159	4.310640
0.035255	4.309219
0.035351	4.307796
0.035447	4.306372
0.035543	4.304945
0.035639	4.303518
0.035734	4.302088
0.035830	4.300657
0.035925	4.299225
0.036021	4.297791
0.036116	4.296356
0.036211	4.294919
0.036306	4.293481
0.036401	4.292042
0.036496	4.290601
0.036591	4.289159
0.036686	4.287715
0.036781	4.286271
0.036875	4.284825
0.036970	4.283378
0.037064	4.281930
0.037159	4.280481
0.037253	4.279030
0.037347	4.277579
0.037441	4.276126
0.037535	4.274673
0.037629	4.273219
0.037723	4.271763
0.037817	4.270307
0.037911	4.268850
0.038004	4.267392
0.038098	4.265933
0.038192	4.264474
0.038285	4.263014
0.038378	4.261553
0.038472	4.260091
0.038565	4.258629
0.038658	4.257166
0.038751	4.255702
0.038844	4.254238
0.038937	4.252773
0.039029	4.251308
0.039122	4.249842
0.039215	4.248376
0.039307	4.246910
0.039400	4.245443
0.039492	4.243975
0.039585	4.242507
0.039677	4.241039
0.039769	4.239571
0.039861	4.238103
0.039953	4.236634
0.040045	4.235165
0.040137	4.233695
0.040229	4.232226
0.040320	4.230757
0.040412	4.229287
0.040504	4.227817
0.040595	4.226348
0.040687	4.224878
0.040778	4.223408
0.040869	4.221938
0.040960	4.220469
0.041052	4.218999
0.041143	4.217530
0.041234	4.216060
0.041324	4.214591
0.041415	4.213122
0.041506	4.211653
0.041597	4.210185
0.041687	4.208716
0.041778	4.207248
0.041869	4.205781
0.041959	4.204313
0.042049	4.202846
0.042140	4.201380
0.042230	4.199913
0.042320	4.198447
0.042410	4.196982
0.042500	4.195517
0.042590	4.194053
0.042680	4.192589
0.042770	4.191125
0.042859	4.189663
0.042949	4.188200
0.043039	4.186739
0.043128	4.185277
0.043218	4.183817
0.043307	4.182357
0.043396	4.180898
0.043486	4.179440
0.043575	4.177982
0.043664	4.176525
0.043753	4.175069
0.043842	4.173614
0.043931	4.172159
0.044020	4.170706
0.044109	4.169253
0.044197	4.167801
0.044286	4.166349
